image_width: 1280
image_height: 720
camera_name: stereo0/left
camera_matrix:
  rows: 3
  cols: 3
  data: [ 1194.36355,     0.     ,   770.81243,
             0.     ,  1241.30703,   359.31838,
             0.     ,     0.     ,     1.     ]
camera_model: plumb_bob
distortion_coefficients:
  rows: 1
  cols: 5
  data: [-0.434242, 0.136087, -0.002108, -0.030412, 0.000000]
rectification_matrix:
  rows: 3
  cols: 3
  data: [ 0.75638327, -0.02061839,  0.65380366,
          0.01997101,  0.99976507,  0.00842426,
         -0.65382376,  0.00668514,  0.75661734]
projection_matrix:
  rows: 3
  cols: 4
  data: [ 1488.06481,     0.     ,  1071.28407,     0.     ,
             0.     ,  1488.06481,   368.1007 ,     0.     ,
             0.     ,     0.     ,     1.     ,     0.     ]
