# oST version 5.0 parameters


[image]

width
1280

height
720

[narrow_stereo/left]

camera matrix
1194.363554 0.000000 770.812428
0.000000 1241.307034 359.318377
0.000000 0.000000 1.000000

distortion
-0.434242 0.136087 -0.002108 -0.030412 0.000000

rectification
0.756383 -0.020618 0.653804
0.019971 0.999765 0.008424
-0.653824 0.006685 0.756617

projection
1488.064815 0.000000 1071.284073 0.000000
0.000000 1488.064815 368.100700 0.000000
0.000000 0.000000 1.000000 0.000000
# oST version 5.0 parameters


[image]

width
1280

height
720

[narrow_stereo/right]

camera matrix
1208.271148 0.000000 455.620272
0.000000 1265.107964 342.853005
0.000000 0.000000 1.000000

distortion
-0.444965 0.129545 -0.000224 0.038237 0.000000

rectification
0.636009 -0.070917 -0.768416
0.070129 0.996960 -0.033965
0.768488 -0.032286 0.639049

projection
1488.064815 0.000000 1071.284073 -1166.034165
0.000000 1488.064815 368.100700 0.000000
0.000000 0.000000 1.000000 0.000000
