image_width: 1280
image_height: 720
camera_name: stereo0/right
camera_matrix:
  rows: 3
  cols: 3
  data: [ 1208.27115,     0.     ,   455.62027,
             0.     ,  1265.10796,   342.85301,
             0.     ,     0.     ,     1.     ]
camera_model: plumb_bob
distortion_coefficients:
  rows: 1
  cols: 5
  data: [-0.444965, 0.129545, -0.000224, 0.038237, 0.000000]
rectification_matrix:
  rows: 3
  cols: 3
  data: [ 0.63600946, -0.07091714, -0.76841573,
          0.07012875,  0.99695956, -0.03396466,
          0.76848808, -0.03228619,  0.63904904]
projection_matrix:
  rows: 3
  cols: 4
  data: [ 1488.06481,     0.     ,  1071.28407, -1166.03416,
             0.     ,  1488.06481,   368.1007 ,     0.     ,
             0.     ,     0.     ,     1.     ,     0.     ]
